$ 1 0.000005 14.235633750745258 32 5 43 5e-11
v 208 96 208 288 0 1 60 170 0 0 0.5
g 384 288 384 336 0 0
d 384 288 384 96 2 default
c 208 96 384 96 4 0.00011999999999999999 -117.57903453176671 0.001 0
d 384 96 528 96 2 default
w 384 288 528 288 0
370 384 288 208 288 3 1 1
370 -96 288 -272 288 3 1 1
w -96 288 48 288 0
d -96 96 48 96 2 default
g -96 288 -96 336 0 0
v -272 96 -272 288 0 1 60 170 0 0 0.5
l -272 96 -96 96 0 0.08 1.3767934761824872 0
v -272 512 -272 720 0 1 60 170 0 0 0.5
w 48 720 144 720 0
g -272 720 -272 768 0 0
370 -272 720 48 720 3 1 1
d 48 512 144 512 2 default
d 48 720 48 512 2 default
209 -224 512 -112 512 4 0.00017999999999999998 40.45664156655417 0.001 0 1
209 0 512 -112 512 4 0.00017999999999999998 158.02079430471295 0.001 0 1
w -112 512 -112 448 0
d -112 448 -224 448 2 default
d -112 448 0 448 2 default
w -224 448 -224 512 0
w 0 448 0 512 0
w -224 512 -272 512 0
w 0 512 48 512 0
370 528 96 528 288 3 1 1
370 144 512 144 720 3 0 1
w 48 96 48 288 0
