$ 1 1e-8 382.76258214399064 28 120 50 5e-11
w 0 512 48 512 0
w -224 512 -272 512 0
w 0 448 0 512 0
w -224 448 -224 512 0
d -112 448 0 448 2 default
d -112 448 -224 448 2 default
w -112 512 -112 448 0
209 0 512 -112 512 4 0.00017999999999999998 171.28835813168698 0.001 0.1 1
209 -224 512 -112 512 4 0.00017999999999999998 31.334018067378935 0.001 0 1
d 48 720 48 512 2 default
d 48 512 144 512 2 default
370 -272 720 0 720 3 0 1
g -272 720 -272 768 0 0
v -272 512 -272 720 0 1 60 170 0 0 0.5
c 144 512 144 720 4 1.0000000000000001e-7 26.92984373354548 0.001 0
w 48 720 144 720 0
w 144 512 240 512 0
r 240 512 240 624 0 45000
r 240 624 240 720 0 2200
w 144 720 240 720 0
f 336 624 400 624 32 5 1000
34 zener-12-2 1 1.7143528192810002e-7 0 2.0000000000000084 12 1
z 336 624 336 672 2 zener-12-2
34 zener-12 1 1.7143528192810002e-7 0 2.0000000000000084 12 1
z 336 720 336 672 2 zener-12
w 336 720 240 720 0
w 400 640 400 720 0
w 400 720 336 720 0
w 240 512 400 512 0
T 400 512 464 560 2 0.0000018999999999999998 333.3333333333333 4.407336213248811e-7 2.7384997942447477e-9 0.3
w 400 560 400 608 0
w 336 624 336 592 0
w 336 592 464 592 0
w 464 592 464 560 0
w 464 512 464 432 0
w 464 432 528 432 0
c 528 432 528 720 4 1.5e-11 1.2548506131137638 0.001 0
g 528 720 528 752 0 0
r 608 432 608 720 0 1000000000
g 608 720 608 752 0 0
w 240 624 336 624 0
w 528 432 608 432 0
r -112 512 -112 592 0 10000
g -112 592 -112 624 0 0
w 0 720 48 720 0
o 34 256 0 4099 20 0.00009765625 0 2 34 3
