$ 1 1e-8 0.11331484530668263 40 5 50 5e-11
f 272 704 320 704 32 1.5 8
g 320 752 320 784 0 0
c 368 656 368 752 4 3.0000000000000004e-9 7.586075197939235 0.001 0
w 368 752 320 752 0
w 320 752 320 720 0
w 320 688 320 656 0
w 320 656 368 656 0
R 272 704 224 704 0 2 1000000 5 5 0 0.5
R 320 512 320 448 0 0 40 5 0 0 0.5
T 320 576 480 592 0 0.0000045 200 0.27992441745774194 0.0008693183346292465 0.15
w 320 608 320 656 0
w 320 576 320 512 0
g 480 608 480 624 0 0
c 480 576 480 608 4 1.2000000000000002e-13 -779.2845750586871 0.001 0
207 480 576 480 512 4 Output
207 272 704 256 640 4 Gate
207 368 656 416 656 4 Capacitor
o 16 1 0 12291 16.69172624338321 0.0001 0 4 16 3 15 0 15 3
o 14 1 0 4099 5120 0.00009765625 1 1
